7 2 50 38
72 1 49 40
136 0 49 42
201 0 48 43
266 0 47 45
331 0 45 46
396 0 44 47
461 0 42 48
527 0 39 49
591 0 38 49
17 65 36 48
81 65 35 48
144 66 36 46
206 66 38 45
269 67 39 43
330 68 42 41
393 69 44 38
456 70 45 35
519 71 47 33
582 72 49 30
7 138 50 26
71 140 50 23
135 141 50 23
199 142 50 23
263 142 50 25
326 140 50 29
390 139 50 32
454 138 50 34
518 137 50 37
582 136 50 39
7 199 50 41
72 197 49 44
136 196 49 45
201 195 48 46
266 194 47 47
331 193 45 48
396 193 44 48
461 192 42 49
527 192 39 48
591 192 38 48
17 256 36 47
81 256 35 47
144 256 36 46
206 257 38 45
269 259 39 42
330 260 42 41
393 261 44 39
456 263 45 36
519 265 47 33
582 266 49 31
7 332 50 28
71 333 50 26
135 334 50 23
199 333 50 23
263 331 50 23
326 329 50 25
390 327 50 28
454 326 50 30
518 324 50 33
582 323 50 35
